,证券代码,证券名称,市值,市价,股票余额,可用余额,可用余额(SBL),pos
0,002624,完美世界,206700.0,53.0,3900,2500,2500,5
1,300498,温氏股份,162500.0,31.25,5200,3900,3900,4
2,002596,海南瑞泽,126616.0,6.46,19600,6800,6800,3
3,002602,世纪华通,124128.0,12.93,9600,0,0,3
4,002600,领益智造,120435.0,11.47,10500,0,0,3
5,601166,兴业银行,116292.0,17.62,6600,4400,2200,3
6,002049,紫光国微,113190.0,51.45,2200,0,0,3
7,002280,联络互动,84588.0,3.18,26600,0,0,2
8,002460,赣锋锂业,84204.0,46.78,1800,1800,1800,2
9,002739,万达电影,83232.0,16.32,5100,5100,5100,2
10,000858,五 粮 液,83146.0,118.78,700,400,400,2
11,002607,中公教育,82432.0,17.92,4600,0,0,2
12,002436,兴森科技,81228.0,9.67,8400,0,0,2
13,300315,掌趣科技,80886.0,6.63,12200,0,0,2
14,300274,阳光电源,80730.0,10.35,7800,200,200,2
15,300207,欣旺达,80430.0,22.98,3500,0,0,2
16,300058,蓝色光标,79864.0,5.96,13400,6800,6800,2
17,000997,新 大 陆,78752.0,17.12,4600,2300,2300,2
18,600009,上海机场,78749.0,71.59,1100,1100,600,2
19,600346,恒力石化,78624.0,15.12,5200,2600,2600,2
20,600536,中国软件,78432.0,65.36,1200,0,0,2
21,000963,华东医药,78084.0,21.69,3600,0,0,2
22,002368,太极股份,77820.0,38.91,2000,2000,2000,2
23,002273,水晶光电,77272.0,14.86,5200,0,0,2
24,300182,捷成股份,77007.0,5.79,13300,0,0,2
25,002681,奋达科技,76125.0,4.35,17500,17500,17500,2
26,002422,科伦药业,74760.0,26.7,2800,0,0,2
27,000975,银泰黄金,73222.0,11.81,6200,2900,2900,2
28,600276,恒瑞医药,71888.0,89.86,800,0,0,2
29,600887,伊利股份,69345.0,30.15,2300,2300,2300,2
30,000538,云南白药,68408.0,85.51,800,0,0,2
31,002007,华兰生物,46827.0,42.57,1100,1100,1100,1
32,000876,新 希 望,42152.0,19.16,2200,0,0,1
33,002497,雅化集团,41492.0,10.12,4100,4100,0,1
34,000034,神州数码,41439.0,21.81,1900,0,0,1
35,002174,游族网络,41104.0,29.36,1400,0,0,1
36,002252,上海莱士,40754.0,9.94,4100,0,0,1
37,002217,合力泰,40425.0,5.39,7500,7500,7500,1
38,601888,中国国旅,40140.0,80.28,500,0,0,1
39,300316,晶盛机电,40060.0,20.03,2000,0,0,1
40,600900,长江电力,40020.0,17.4,2300,2300,0,1
41,601872,招商轮船,40004.0,5.48,7300,0,0,1
42,002195,二三四五,39867.0,2.91,13700,0,0,1
43,600000,浦发银行,39849.0,10.77,3700,0,0,1
44,600763,通策医疗,39800.0,99.5,400,0,0,1
45,002191,劲嘉股份,39720.0,9.93,4000,0,0,1
46,000001,平安银行,39717.0,14.71,2700,2700,2700,1
47,603799,华友钴业,39708.0,44.12,900,900,900,1
48,000831,五矿稀土,39702.0,10.18,3900,0,0,1
49,300348,长亮科技,39678.0,23.34,1700,0,0,1
50,300166,东方国信,39609.0,14.67,2700,0,0,1
51,002384,东山精密,39540.0,26.36,1500,0,0,1
52,002268,卫 士 通,39491.0,23.23,1700,0,0,1
53,000723,美锦能源,39330.0,6.9,5700,0,0,1
54,600438,通威股份,39312.0,14.04,2800,0,0,1
55,002405,四维图新,39312.0,14.56,2700,0,0,1
56,603858,步长制药,39311.0,20.69,1900,0,0,1
57,600728,佳都科技,39240.0,8.72,4500,0,0,1
58,300059,东方财富,39150.0,14.5,2700,0,0,1
59,600111,北方稀土,39144.0,9.32,4200,0,0,1
60,002152,广电运通,39102.0,9.31,4200,0,0,1
61,600056,中国医药,39100.0,17.0,2300,0,0,1
62,600362,江西铜业,39088.0,13.96,2800,0,0,1
63,002027,分众传媒,39055.0,5.35,7300,7300,7300,1
64,000066,中国长城,38998.0,12.58,3100,0,0,1
65,000063,中兴通讯,38880.0,38.88,1000,0,0,1
66,002123,梦网集团,38880.0,19.44,2000,0,0,1
67,300456,耐威科技,38822.0,27.73,1400,0,0,1
68,300001,特锐德,38685.0,25.79,1500,0,0,1
69,300429,强力新材,38610.0,14.85,2600,0,0,1
70,300322,硕贝德,38544.0,17.52,2200,0,0,1
71,600998,九州通,38500.0,17.5,2200,0,0,1
72,600004,白云机场,38475.0,15.39,2500,0,0,1
73,002281,光迅科技,38430.0,27.45,1400,1400,1400,1
74,603658,安图生物,37707.0,125.69,300,0,0,1
75,300418,昆仑万维,37470.0,24.98,1500,0,0,1
76,002465,海格通信,36320.0,11.38,3200,3200,3200,1
77,600585,海螺水泥,0.0,47.93,0,0,0,0
78,600699,均胜电子,0.0,26.02,0,0,0,0
79,601899,紫金矿业,0.0,4.13,0,0,0,0
80,600703,三安光电,0.0,21.28,0,0,0,0
81,601012,隆基股份,0.0,29.87,0,0,0,0
82,603305,旭升股份,0.0,55.12,0,0,0,0
83,000166,申万宏源,0.0,4.46,0,0,0,0
84,000401,冀东水泥,0.0,14.35,0,0,0,0
85,600801,华新水泥,0.0,19.97,0,0,0,0
86,600867,通化东宝,0.0,12.61,0,0,0,0
87,000338,潍柴动力,0.0,13.3,0,0,0,0
88,601878,浙商证券,0.0,10.07,0,0,0,0
89,000009,中国宝安,0.0,6.73,0,0,0,0
90,002415,海康威视,0.0,35.31,0,0,0,0
91,000651,格力电器,0.0,63.02,0,0,0,0
92,600426,华鲁恒升,0.0,17.72,0,0,0,0
93,002371,北方华创,0.0,137.08,0,0,0,0
94,002230,科大讯飞,0.0,39.24,0,0,0,0
95,000002,万 科Ａ,0.0,27.78,0,0,0,0
96,002223,鱼跃医疗,0.0,31.06,0,0,0,0
97,002180,纳思达,0.0,35.56,0,0,0,0
98,002812,恩捷股份,0.0,67.11,0,0,0,0
99,300010,立思辰,0.0,16.12,0,0,0,0
100,002142,宁波银行,0.0,25.8,0,0,0,0
101,002074,国轩高科,0.0,28.3,0,0,0,0
102,002065,东华软件,0.0,14.03,0,0,0,0
103,300357,我武生物,0.0,46.02,0,0,0,0
104,300458,全志科技,0.0,32.75,0,0,0,0
105,300482,万孚生物,0.0,66.61,0,0,0,0
106,000960,锡业股份,0.0,9.47,0,0,0,0
107,300502,新易盛,0.0,56.25,0,0,0,0
108,600031,三一重工,0.0,15.95,0,0,0,0
109,000725,京东方Ａ,0.0,4.62,0,0,0,0
110,000895,双汇发展,0.0,30.43,0,0,0,0
{'资金余额': 191324.66, '冻结资金': 100.0, '可用金额': 30131.03, '可取金额': 30131.03, '股票市值': 667172.0, '总资产': 697403.03}{'担保资产': 4003198.51, '净资产': 2556798.58, '可用保证金': 0.0, '可取金额': 0.0}