证券代码,证券名称,bnotion,snotion,rtn,pnl,fee
9,中国宝安,0.00,84522.00,0.0441,3727.00,101.43
2414,高德红外,75430.00,74425.00,0.0193,2890.00,104.40
601012,隆基股份,0.00,77970.00,0.0322,2507.00,93.56
2273,水晶光电,158304.00,0.00,0.0122,1938.00,31.66
300418,昆仑万维,38448.00,75046.00,0.0159,1808.00,97.74
2415,海康威视,115742.00,0.00,0.0139,1606.00,23.15
300015,爱尔眼科,187083.00,0.00,0.0078,1467.00,37.42
2456,欧菲光,39240.00,0.00,0.0349,1368.00,7.85
600690,海尔智家,78426.00,0.00,0.0171,1339.00,15.69
2311,海大集团,0.00,42324.00,0.0301,1272.00,50.79
300053,欧比特,39215.00,37816.00,0.0147,1131.00,53.22
568,泸州老窖,122800.00,0.00,0.0085,1040.00,24.56
300357,我武生物,37280.00,0.00,0.0277,1032.00,7.46
601888,中国国旅,119090.00,0.00,0.0083,985.00,23.82
601899,紫金矿业,0.00,41230.00,0.0230,950.00,49.48
636,风华高科,39330.00,0.00,0.0234,920.00,7.87
2465,海格通信,0.00,79240.00,0.0115,910.00,95.09
2624,完美世界,0.00,115061.00,0.0069,793.00,138.07
555,神州信息,0.00,39725.00,0.0195,775.00,47.67
601878,浙商证券,0.00,30189.00,0.0250,754.00,36.23
2124,天邦股份,0.00,40098.00,0.0184,738.00,48.12
300271,华宇软件,0.00,36768.00,0.0196,720.00,44.12
300315,掌趣科技,0.00,144830.00,0.0049,715.00,173.80
300136,信维通信,37692.00,0.00,0.0153,576.00,7.54
2320,海峡股份,0.00,77616.00,0.0072,560.00,93.14
997,新 大 陆,0.00,41640.00,0.0127,528.00,49.97
300001,特锐德,0.00,39210.00,0.0130,510.00,47.05
600547,山东黄金,0.00,78690.00,0.0063,498.00,94.43
401,冀东水泥,118775.00,0.00,0.0040,475.00,23.76
300413,芒果超媒,38920.00,0.00,0.0111,432.00,7.78
300429,强力新材,39625.00,40050.00,0.0053,425.00,55.98
600998,九州通,78319.00,0.00,0.0054,424.00,15.66
601818,光大银行,39936.00,0.00,0.0104,416.00,7.99
2405,四维图新,0.00,39771.00,0.0102,405.00,47.73
547,航天发展,0.00,43493.00,0.0093,403.00,52.19
600801,华新水泥,117480.60,0.00,0.0034,401.40,23.50
2123,梦网集团,78141.00,0.00,0.0051,399.00,15.63
2506,协鑫集成,39888.00,0.00,0.0090,360.00,7.98
2714,牧原股份,0.00,120369.00,0.0030,357.00,144.44
600346,恒力石化,0.00,78900.00,0.0041,324.00,94.68
600809,山西汾酒,34936.00,35240.00,0.0043,304.00,49.28
300628,亿联网络,37500.00,18966.00,0.0052,294.00,30.26
300059,东方财富,0.00,39582.00,0.0068,270.00,47.50
166,申万宏源,0.00,40228.00,0.0066,267.00,48.27
2304,洋河股份,61236.00,0.00,0.0035,216.00,12.25
600276,恒瑞医药,71908.00,0.00,0.0029,212.00,14.38
538,云南白药,33272.00,0.00,0.0063,208.00,6.65
600031,三一重工,54417.00,0.00,0.0036,198.00,10.88
988,华工科技,0.00,38916.00,0.0051,198.00,46.70
300244,迪安诊断,0.00,38598.00,0.0047,182.00,46.32
300014,亿纬锂能,0.00,39828.00,0.0045,180.00,47.79
2179,中航光电,39787.00,0.00,0.0044,176.00,7.96
603939,益丰药房,35181.20,35352.00,0.0024,170.80,49.46
300085,银之杰,0.00,39555.00,0.0034,135.00,47.47
600009,上海机场,35975.00,0.00,0.0038,135.00,7.20
596,古井贡酒,0.00,37452.00,0.0035,132.00,44.94
2648,卫星石化,0.00,39216.00,0.0031,120.00,47.06
603444,吉比特,40858.00,0.00,0.0023,92.00,8.17
300456,耐威科技,0.00,39032.00,0.0011,42.00,46.84
600309,万华化学,0.00,40032.00,0.0008,32.00,48.04
601155,新城控股,0.00,41292.00,0.0006,24.00,49.55
963,华东医药,0.00,39482.00,0.0005,19.00,47.38
300529,健帆生物,0.00,9085.00,0.0011,10.00,10.90
661,长春高新,48379.00,0.00,0.0001,4.00,9.68
601939,建设银行,0.00,7348.00,0.0000,0.00,8.82
2236,大华股份,39860.00,0.00,0.0000,0.00,7.97
2065,东华软件,0.00,79643.00,-0.0002,-16.00,95.57
581,威孚高科,0.00,39424.00,-0.0006,-22.00,47.31
600036,招商银行,39149.00,0.00,-0.0006,-22.00,7.83
300602,飞荣达,37176.00,0.00,-0.0013,-48.00,7.44
2281,光迅科技,39452.00,0.00,-0.0014,-56.00,7.89
21,深科技,38844.00,0.00,-0.0020,-78.00,7.77
300450,先导智能,0.00,41823.00,-0.0019,-81.00,50.19
300188,美亚柏科,38590.00,0.00,-0.0035,-136.00,7.72
601628,中国人寿,39819.00,0.00,-0.0036,-143.00,7.96
2681,奋达科技,0.00,37392.00,-0.0044,-164.00,44.87
603658,安图生物,71601.00,0.00,-0.0025,-177.00,14.32
876,新 希 望,38741.00,0.00,-0.0049,-190.00,7.75
2460,赣锋锂业,74606.00,0.00,-0.0030,-224.00,14.92
2402,和而泰,0.00,78960.00,-0.0028,-224.00,94.75
300184,力源信息,0.00,38686.00,-0.0060,-232.00,46.42
300476,胜宏科技,38700.00,0.00,-0.0060,-234.00,7.74
601128,常熟银行,39350.00,0.00,-0.0064,-250.00,7.87
300012,华测检测,39169.00,0.00,-0.0065,-253.00,7.83
2429,兆驰股份,40090.00,0.00,-0.0071,-285.00,8.02
2683,宏大爆破,39088.00,0.00,-0.0078,-304.00,7.82
600362,江西铜业,78563.00,39760.00,-0.0028,-328.00,63.42
338,潍柴动力,0.00,79632.00,-0.0042,-336.00,95.56
600728,佳都科技,39859.60,0.00,-0.0087,-347.60,7.97
600111,北方稀土,40614.00,39278.00,-0.0048,-381.00,55.26
2508,老板电器,38772.00,0.00,-0.0099,-384.00,7.75
603369,今世缘,36120.00,0.00,-0.0110,-396.00,7.22
300223,北京君正,30330.00,39940.00,-0.0057,-399.00,53.99
600056,中国医药,0.00,37850.00,-0.0106,-400.00,45.42
300232,洲明科技,39976.00,0.00,-0.0105,-418.00,8.00
300207,欣旺达,38420.00,0.00,-0.0124,-476.00,7.68
2174,游族网络,39598.00,39091.00,-0.0064,-507.00,54.83
2030,达安基因,0.00,37275.00,-0.0161,-600.00,44.73
2739,万达电影,0.00,39360.00,-0.0165,-648.00,47.23
2439,启明星辰,0.00,74205.00,-0.0113,-837.00,89.05
603659,璞泰来,0.00,38722.80,-0.0218,-845.20,46.47
603799,华友钴业,0.00,83733.00,-0.0111,-927.00,100.48
603019,中科曙光,74032.00,0.00,-0.0134,-992.00,14.81
600887,伊利股份,79560.00,39260.00,-0.0084,-1001.00,63.02
300373,扬杰科技,77345.00,0.00,-0.0143,-1104.00,15.47
300352,北信源,39936.00,0.00,-0.0300,-1200.00,7.99
2607,中公教育,0.00,39261.00,-0.0310,-1219.00,47.11
2601,龙蟒佰利,0.00,77135.00,-0.0199,-1537.00,92.56
2001,新 和 成,38912.00,39644.00,-0.0219,-1723.00,55.36
603993,洛阳钼业,0.00,41000.00,-0.0439,-1800.00,49.20
2223,鱼跃医疗,0.00,78414.00,-0.0245,-1918.00,94.10
2027,分众传媒,0.00,80808.00,-0.0421,-3404.00,96.97
2600,领益智造,39935.00,118334.00,-0.0219,-3473.00,149.99
total pnl : 11759.400000
totaltransaction : 6955639.200000
avg rtn: 0.001691
total fee: 4827.945640
