证券代码,证券名称,side,rtn,pnl,fee
100,TCL 集团,2,0.0258,800.00,30.89
300014,亿纬锂能,1,0.0192,765.00,7.95
300014,亿纬锂能,1,0.0176,702.00,7.83
300115,长盈精密,1,0.0144,575.00,7.32
2537,海联金汇,2,0.0147,572.00,87.47
895,双汇发展,2,0.0142,572.00,39.28
2475,立讯精密,2,0.0149,510.00,43.49
300595,欧普康视,2,0.0128,496.00,39.60
601155,新城控股,1,0.0131,484.00,0.49
2100,天康生物,1,0.0125,480.00,6.85
300072,三聚环保,2,0.0119,469.00,44.30
300529,健帆生物,2,0.0135,465.00,39.56
600093,易见股份,2,0.0091,442.00,28.74
603799,华友钴业,2,0.0123,407.00,47.30
596,古井贡酒,1,0.0122,399.00,7.87
600093,易见股份,2,0.0093,361.80,58.59
600887,伊利股份,1,0.0044,351.00,4.84
2675,东诚药业,1,0.0085,338.00,8.19
600273,嘉化能源,1,0.0083,323.90,10.72
2475,立讯精密,2,0.0134,322.00,42.32
895,双汇发展,2,0.0081,300.00,47.61
2675,东诚药业,1,0.0066,260.00,7.84
600584,长电科技,1,0.0065,258.40,7.60
600048,保利地产,1,0.0047,252.00,5.11
600048,保利地产,1,0.0081,240.00,6.89
300015,爱尔眼科,2,0.0084,238.00,46.86
300429,强力新材,1,0.0059,232.00,7.97
895,双汇发展,2,0.0081,225.00,30.34
300558,贝达药业,1,0.0052,204.00,7.65
300015,爱尔眼科,2,0.0084,204.00,49.05
2044,美年健康,2,0.0048,189.00,37.25
300003,乐普医疗,2,0.0068,176.00,46.80
596,古井贡酒,1,0.0050,165.00,7.94
600093,易见股份,2,0.0057,162.00,44.50
600048,保利地产,1,0.0047,161.00,8.04
2142,宁波银行,2,0.0076,160.00,41.21
2,万 科Ａ,1,0.0029,112.00,7.83
2050,三花智控,2,0.0027,108.00,47.97
2,万 科Ａ,1,0.0025,98.00,5.59
603444,吉比特,2,0.0023,67.00,47.90
600004,白云机场,2,0.0026,66.00,41.40
300347,泰格医药,1,0.0018,66.00,5.52
2475,立讯精密,2,0.0094,64.00,29.36
603369,今世缘,2,0.0011,63.00,66.13
31,大悦城,1,0.0014,60.00,7.80
300347,泰格医药,1,0.0012,42.00,7.84
895,双汇发展,2,0.0013,36.00,48.02
300498,温氏股份,1,0.0006,32.00,1.27
600093,易见股份,2,0.0007,29.00,47.79
2273,水晶光电,2,0.0007,23.00,46.46
2507,涪陵榨菜,2,0.0004,14.00,46.46
600383,金地集团,1,0.0000,0.00,7.68
2273,水晶光电,2,0.0000,0.00,33.37
2537,海联金汇,1,0.0000,0.00,7.95
300618,寒锐钴业,1,0.0000,0.00,3.43
601628,中国人寿,1,-0.0003,-13.00,7.75
603799,华友钴业,2,-0.0010,-15.00,35.62
603233,大参林,2,-0.0018,-18.00,43.83
2138,顺络电子,2,-0.0081,-20.00,34.35
2236,大华股份,2,-0.0006,-23.00,46.95
2236,大华股份,1,-0.0006,-23.00,7.92
603986,兆易创新,2,-0.0019,-32.00,41.10
300003,乐普医疗,2,-0.0063,-40.00,33.87
300015,爱尔眼科,2,-0.0018,-49.00,48.73
2460,赣锋锂业,1,-0.0015,-56.00,7.75
2142,宁波银行,2,-0.0015,-60.00,37.26
603233,大参林,2,-0.0018,-65.10,17.76
2236,大华股份,1,-0.0023,-96.00,1.36
600886,国投电力,2,-0.0035,-120.00,48.50
2821,凯莱英,2,-0.0063,-154.00,25.36
600000,浦发银行,2,-0.0034,-160.00,46.92
300760,迈瑞医疗,1,-0.0047,-170.00,8.50
2414,高德红外,1,-0.0045,-171.00,8.21
2463,沪电股份,1,-0.0044,-180.00,8.39
603233,大参林,2,-0.0068,-238.00,46.54
2460,赣锋锂业,1,-0.0070,-266.00,7.02
300357,我武生物,1,-0.0088,-360.00,2.02
2463,沪电股份,1,-0.0101,-368.00,8.26
300357,我武生物,1,-0.0103,-376.00,15.95
2299,圣农发展,1,-0.0107,-416.00,7.26
2299,圣农发展,1,-0.0107,-416.00,7.26
2414,高德红外,1,-0.0132,-513.00,5.89
601899,紫金矿业,1,-0.0133,-530.00,7.56
2156,通富微电,2,-0.0165,-567.00,47.05
300251,光线传媒,2,-0.0091,-666.00,47.52
2299,圣农发展,1,-0.0176,-688.00,6.90
2273,水晶光电,2,-0.0189,-750.00,56.78
2537,海联金汇,1,-0.0212,-848.00,7.85
300078,思创医惠,2,-0.0370,-1488.00,69.81
2138,顺络电子,2,-0.0655,-2601.00,47.89
totalpnl,0,0,0.0000,1585.00,0.00
avgrtn,0,0,0.0010,0.00,0.00
totaltransaction,0,0,0.0000,3239037.40,2377.67
