证券代码,证券名称,rtn,pnl
601155,新城控股,0.0413,3645.00
2138,顺络电子,0.0587,2484.00
300078,思创医惠,0.0583,2294.00
2100,天康生物,0.0565,2208.00
2273,水晶光电,0.0166,1804.00
300498,温氏股份,0.0162,1740.00
600887,伊利股份,0.0199,1566.00
600886,国投电力,0.0335,1120.00
603369,今世缘,0.0133,720.00
600584,长电科技,0.0188,702.00
2050,三花智控,0.0156,621.00
603986,兆易创新,0.0375,620.00
2384,东山精密,0.0084,480.00
69,华侨城Ａ,0.0145,390.00
2507,涪陵榨菜,0.0078,266.00
300015,爱尔眼科,0.0015,258.00
1,平安银行,0.0046,182.00
600004,白云机场,0.0066,165.00
2236,大华股份,0.0030,120.00
425,徐工机械,0.0022,87.00
2821,凯莱英,0.0008,60.00
603444,吉比特,0.0016,46.00
2156,通富微电,0.0000,0.00
603259,药明康德,-0.0013,-55.00
2916,深南电路,-0.0016,-72.00
300251,光线传媒,-0.0010,-74.00
600000,浦发银行,-0.0034,-160.00
601628,中国人寿,-0.0034,-220.00
300088,长信科技,-0.0050,-232.00
300003,乐普医疗,-0.0096,-310.00
2415,海康威视,-0.0105,-363.00
600809,山西汾酒,-0.0114,-408.00
100,TCL 集团,-0.0156,-480.00
2475,立讯精密,-0.0082,-532.00
2537,海联金汇,-0.0160,-624.00
300595,欧普康视,-0.0167,-648.00
2044,美年健康,-0.0176,-702.00
300072,三聚环保,-0.0203,-804.00
603233,大参林,-0.0117,-960.00
300529,健帆生物,-0.0287,-1005.00
600276,恒瑞医药,-0.0253,-1085.00
2028,思源电气,-0.0305,-1247.00
2142,宁波银行,-0.0135,-1368.00
603799,华友钴业,-0.0282,-1376.00
600093,易见股份,-0.0111,-1760.00
895,双汇发展,-0.0110,-2346.00
totalpnl,0,0.0000,4747.00
avgrtn,0,0.0036,0.00
