证券代码,证券名称,side,rtn,pnl,fee
300529,健帆生物,1,0.0315,1991.00,7.77
600093,易见股份,1,0.0398,1560.00,7.68
2100,天康生物,2,0.0195,1550.00,47.28
2123,梦网集团,1,0.0183,722.00,7.69
300088,长信科技,1,0.0177,700.00,5.15
600460,士兰微,1,0.0163,650.00,7.91
300750,宁德时代,1,0.0141,480.00,7.97
2507,涪陵榨菜,1,0.0127,480.00,7.55
300558,贝达药业,1,0.0122,468.00,7.87
600765,中航重机,1,0.0118,462.00,7.91
601155,新城控股,2,0.0119,451.00,45.87
600809,山西汾酒,1,0.0119,414.00,7.78
878,云南铜业,1,0.0104,408.00,7.54
300750,宁德时代,1,0.0116,396.00,6.97
601100,恒立液压,1,0.0090,348.30,7.96
601899,紫金矿业,2,0.0053,212.00,44.93
2745,木林森,1,0.0041,160.00,7.85
88,盐 田 港,1,0.0037,148.00,0.34
2273,水晶光电,1,0.0037,145.00,6.83
603737,三棵树,1,0.0035,140.00,7.62
601155,新城控股,2,0.0029,110.00,46.64
895,双汇发展,2,0.0029,108.00,47.39
600406,国电南瑞,1,0.0027,102.00,9.77
895,双汇发展,2,0.0019,84.00,47.86
600867,通化东宝,1,0.0016,64.00,5.97
300326,凯利泰,1,0.0016,62.00,9.49
600406,国电南瑞,1,0.0013,51.00,8.19
601155,新城控股,2,0.0029,50.00,44.76
2273,水晶光电,1,0.0007,29.00,7.11
2236,大华股份,2,-0.0107,-18.00,47.82
601628,中国人寿,2,-0.0004,-29.40,95.46
596,古井贡酒,2,-0.0009,-30.00,44.20
601155,新城控股,2,-0.0009,-33.00,46.78
300347,泰格医药,2,-0.0011,-49.00,48.87
2475,立讯精密,1,-0.0015,-55.00,9.19
300618,寒锐钴业,2,-0.0034,-88.00,45.48
2299,圣农发展,2,-0.0033,-96.00,46.74
600809,山西汾酒,2,-0.0032,-112.00,47.70
2028,思源电气,2,-0.0030,-116.00,34.62
2384,东山精密,2,-0.0037,-126.00,44.57
2821,凯莱英,2,-0.0034,-164.00,40.78
300357,我武生物,2,-0.0049,-176.00,45.34
2,万 科Ａ,1,-0.0050,-196.00,7.99
2675,东诚药业,2,-0.0059,-234.00,54.78
425,徐工机械,2,-0.0066,-261.00,47.80
2745,木林森,1,-0.0072,-288.00,7.84
2,万 科Ａ,2,-0.0086,-336.00,20.42
2,万 科Ａ,2,-0.0086,-336.00,45.76
300115,长盈精密,2,-0.0098,-400.00,45.12
2236,大华股份,2,-0.0107,-432.00,47.99
601628,中国人寿,2,-0.0147,-573.60,46.89
2414,高德红外,2,-0.0160,-640.00,46.12
2236,大华股份,2,-0.0168,-644.00,75.77
300347,泰格医药,2,-0.0250,-745.00,51.95
600273,嘉化能源,2,-0.0207,-820.00,83.23
2537,海联金汇,2,-0.0207,-825.00,48.41
2463,沪电股份,2,-0.0225,-867.00,47.69
2142,宁波银行,2,-0.0231,-900.00,47.52
2463,沪电股份,2,-0.0239,-918.00,45.76
2537,海联金汇,2,-0.0249,-936.00,46.43
300015,爱尔眼科,2,-0.0205,-972.00,40.90
300088,长信科技,2,-0.0241,-1102.00,42.19
2460,赣锋锂业,2,-0.0314,-1190.00,47.00
600276,恒瑞医药,2,-0.0319,-1305.00,46.70
300429,强力新材,2,-0.0373,-1421.00,47.48
600584,长电科技,2,-0.0405,-1530.00,41.00
600584,长电科技,2,-0.0410,-1634.00,51.31
300014,亿纬锂能,2,-0.0474,-1744.00,46.84
300014,亿纬锂能,2,-0.0496,-2280.00,44.31
totalpnl,0,0,0.0000,-12076.70,0.00
avgrtn,0,0,-0.0090,0.00,0.00
totaltransaction,0,0,0.0000,2698373.70,2308.35
