证券代码,证券名称,rtn,pnl
300014,亿纬锂能,0.0668,5436.00
600887,伊利股份,0.0239,3834.00
2460,赣锋锂业,0.0356,2688.00
600584,长电科技,0.0341,2664.00
596,古井贡酒,0.0314,2082.00
2463,沪电股份,0.0221,1700.00
601628,中国人寿,0.0104,1122.00
300088,长信科技,0.0203,928.00
2299,圣农发展,0.0075,864.00
600273,嘉化能源,0.0218,861.00
300015,爱尔眼科,0.0090,828.00
300115,长盈精密,0.0179,725.00
300347,泰格医药,0.0096,696.00
2142,宁波银行,0.0141,555.00
895,双汇发展,0.0069,546.00
2414,高德红外,0.0070,532.00
603259,药明康德,0.0102,450.00
600276,恒瑞医药,0.0098,410.00
300618,寒锐钴业,0.0125,320.00
601899,紫金矿业,0.0081,318.00
1,平安银行,0.0059,234.00
2916,深南电路,0.0050,219.00
2537,海联金汇,0.0027,214.00
69,华侨城Ａ,0.0072,195.00
425,徐工机械,0.0044,174.00
600383,金地集团,0.0040,160.00
300429,强力新材,0.0029,116.00
2156,通富微电,0.0093,12.00
600048,保利地产,0.0000,0.00
2236,大华股份,0.0000,0.00
2415,海康威视,-0.0016,-55.00
600809,山西汾酒,-0.0016,-56.00
300760,迈瑞医疗,-0.0018,-64.00
2,万 科Ａ,-0.0018,-140.00
2821,凯莱英,-0.0046,-228.00
601155,新城控股,-0.0018,-228.00
2675,东诚药业,-0.0052,-416.00
31,大悦城,-0.0129,-540.00
2028,思源电气,-0.0154,-609.00
300558,贝达药业,-0.0178,-702.00
300357,我武生物,-0.0115,-884.00
2384,东山精密,-0.0161,-930.00
2100,天康生物,-0.0256,-2046.00
300498,温氏股份,-0.0132,-2208.00
totalpnl,0,0.0000,19777.00
avgrtn,0,0.0139,0.00
